# conga-style TCR feature scoring.
#
# Computes a table of per-TCR "feature" scores, re-derived in R from the conga
# package (Bradley lab, github.com/phbradley/conga, conga/tcr_scoring.py). A set
# of private per-feature helpers each compute one feature; the master function
# tcr_score() dispatches a requested list of features into a single score table
# (one row per TCR, one column per feature), mirroring conga's
# make_tcr_score_table().
#
# Only the self-contained features are implemented -- the trained-model scores
# (cd8, imhc, oldcd8) and neighbour-graph scores (nndists_tcr, N_ins) are not.
#
# Embedded reference data, taken verbatim from conga/data (cite: phbradley/conga):
#   * aa_props        -- conga/data/aa_props.tsv (20 amino acids x 28 properties)
#   * trav_order/traj_order -- conga/data/imgt_tra_locus_order.txt (locus order)
#
# CDR3 positions are 1-based; the conserved C is position 1. The "FG loop" is
# conga's cdr3[4:-4] (drop 4 residues from each end). Rows with an NA/empty CDR3
# are dropped before scoring.
#
# Dependencies: base R only.

# ---------------------------------------------------------------------------
# Embedded reference data
# ---------------------------------------------------------------------------

# Amino-acid property table (rows = amino acid, columns = property).
aa_props <- structure(c(-0.591, -1.343, 1.05, 1.357, -1.006, -0.384, 0.336,
-1.239, 1.831, -1.019, -0.663, 0.945, 0.189, 0.931, 1.538, -0.228,
-0.032, -1.337, -0.595, 0.26, -1.302, 0.465, 0.302, -1.453, -0.59,
1.652, -0.417, -0.547, -0.561, -0.987, -1.524, 0.828, 2.081,
-0.179, -0.055, 1.399, 0.326, -0.279, 0.009, 0.83, -0.733, -0.862,
-3.656, 1.477, 1.891, 1.33, -1.673, 2.131, 0.533, -1.505, 2.219,
1.299, -1.628, -3.005, 1.502, -4.76, 2.213, -0.544, 0.672, 3.097,
1.57, -1.02, -0.259, 0.113, -0.397, 1.045, -1.474, 0.393, -0.277,
1.266, -1.005, -0.169, 0.421, -0.503, 0.44, 0.67, 0.908, 1.242,
-2.128, -0.838, -0.146, -0.255, -3.242, -0.837, 0.412, 2.064,
-0.078, 0.816, 1.648, -0.912, 1.212, 0.933, -1.392, -1.853, 2.897,
-2.647, 1.313, -1.262, -0.184, 1.512, 1.29, 1.11, 1.04, 1.44,
1.07, 0.56, 1.22, 0.97, 1.23, 1.3, 1.47, 0.9, 0.52, 1.27, 0.96,
0.82, 0.82, 0.91, 0.99, 0.72, 0.9, 0.74, 0.72, 0.75, 1.32, 0.92,
1.08, 1.45, 0.77, 1.02, 0.97, 0.76, 0.64, 0.8, 0.99, 0.95, 1.21,
1.49, 1.14, 1.25, 0, 0, -1, -1, 0, 0, 0.5, 0, 1, 0, 0, 0, 0,
0, 1, 0, 0, 0, 0, 0, 0.049, 0.02, 0.051, 0.051, 0.051, 0.06,
0.034, 0.047, 0.05, 0.078, 0.027, 0.058, 0.051, 0.051, 0.066,
0.057, 0.064, 0.049, 0.022, 0.07, 0, -1, 1, 1, -1, 1, -1, -1,
1, -1, 1, 1, 1, 1, 1, 1, 0, -1, -1, -1, 1.8, 2.5, -3.5, -3.5,
2.8, -0.4, -3.2, 4.5, -3.9, 3.8, 1.9, -3.5, -1.6, -3.5, -4.5,
-0.8, -0.7, 4.2, -0.9, -1.3, -1.56, 0.12, 0.58, -1.45, -0.21,
1.46, -0.41, -0.73, -0.34, -1.04, -1.4, 1.14, 2.06, -0.47, 0.22,
0.81, 0.26, -0.74, 0.3, 1.38, -0.48, 1.1, 0.7, -0.12, -0.44,
0.46, 1.63, -1.78, 0.6, 0.93, 0.27, -1.73, -0.28, -2.33, 0.93,
-0.23, 0.19, 0.65, -0.6, 0.53, -1.67, -0.89, -0.22, 0.19, 0.98,
-1.96, 0.52, -0.16, 0.82, 0, 0.18, -0.07, -0.33, 0.24, 1.27,
-1.08, -0.7, -0.71, 2.1, 1.48, -0.97, 0.45, -1.58, -1.61, -0.36,
-0.23, -0.28, 1.79, -0.23, -0.24, -0.42, -0.12, -1.15, 0.07,
1.37, 0.16, 1.21, 2.04, -0.72, 0.8, -0.27, -1.05, 0.81, 1.17,
-1.43, -0.16, 0.28, -0.77, 1.7, -1.1, -0.73, 0.81, -0.75, 1.1,
1.87, 0.42, 0.63, -0.4, -1.57, -0.56, -0.93, -0.71, -0.92, -1.31,
0.22, 0.1, 1.61, -0.54, 1.54, -0.55, 2, 0.18, 0.88, 1.1, -1.7,
-0.21, -0.1, 0.5, -1.16, 0, -0.78, 2.41, 0.15, 0.4, -0.81, -0.11,
1.01, 0.03, -1.62, -2.05, 1.52, 0.37, -0.45, 0.59, 0.46, -0.43,
0.21, -0.81, 0.57, -0.68, -0.2, 1.52, -1.52, 0.04, 0.67, 1.32,
-1.85, -0.83, 1.15, 0.96, 0.26, -0.09, 0.3, 0.84, 0.92, -1.89,
0.24, -1.07, -0.48, -0.31, -0.08, -0.69, 0.47, 0.38, 1.1, 2.36,
0.47, 0.51, -0.08, -0.76, 0.11, 1.23, -2.3, -0.71, -0.39, -1.15,
-1.15, 0.06, -0.4, 1.03, 0.21, 1.13, 0.76, -0.35, 1.71, -1.66,
1.13, 0.66, -0.48, 0.45, -1.27, 1.1, 0.74, -0.03, 0.23, -0.97,
-0.56, -0.46, -2.3, -0.05, -2.8455, -3.782, -2.116, -2.141, -5.017,
-2.499, -2.927, -4.641, -1.789, -5.023, -4.1915, -2.349, -2.443,
-2.2505, -2.402, -2.308, -2.6145, -4.093, -4.1375, -3.7505, 0,
0, 1, 1, 0, 0, 1, 0, 1, 0, 0, 1, 0, 1, 1, 1, 1, 0, 0, 1, 0.047,
0.015, 0.071, 0.094, 0.021, 0.071, 0.022, 0.032, 0.105, 0.052,
0.017, 0.062, 0.052, 0.053, 0.068, 0.072, 0.064, 0.048, 0.007,
0.032, 0, 1, 0, 0, 1, 0, 0, 1, 0, 1, 1, 0, 0, 0, 0, 0, 0, 1,
1, 1, 0.065, 0.015, 0.074, 0.089, 0.029, 0.07, 0.025, 0.035,
0.08, 0.063, 0.016, 0.053, 0.054, 0.051, 0.059, 0.071, 0.065,
0.048, 0.012, 0.033, 0.78, 0.8, 1.41, 1, 0.58, 1.64, 0.69, 0.51,
0.96, 0.59, 0.39, 1.28, 1.91, 0.97, 0.88, 1.33, 1.03, 0.47, 0.75,
1.05, 67, 86, 91, 109, 135, 48, 118, 124, 135, 124, 124, 96,
90, 114, 148, 73, 93, 105, 163, 141), dim = c(20L, 28L), dimnames = list(
    c("A", "C", "D", "E", "F", "G", "H", "I", "K", "L", "M",
    "N", "P", "Q", "R", "S", "T", "V", "W", "Y"), c("af1", "af2",
    "af3", "af4", "af5", "alpha", "beta", "charge", "core", "disorder",
    "hydropathy", "kf1", "kf10", "kf2", "kf3", "kf4", "kf5",
    "kf6", "kf7", "kf8", "kf9", "mjenergy", "polarity", "rim",
    "strength", "surface", "turn", "volume")))

amino_acids <- rownames(aa_props)                     # A..Y
property_names <- colnames(aa_props)                  # 28 property columns

# TRAV / TRAJ gene names in IMGT locus order (conga/data/imgt_tra_locus_order.txt).
trav_order <- c("TRAV1-1", "TRAV1-2", "TRAV2", "TRAV3", "TRAV4", "TRAV5", "TRAV6",
  "TRAV7", "TRAVA", "TRAV8-1", "TRAV9-1", "TRAV10", "TRAV11", "TRAV12-1", "TRAV8-2",
  "TRAV8-3", "TRAVB", "TRAV13-1", "TRAV14-1", "TRAV11-1", "TRAV12-2", "TRAV8-4",
  "TRAV8-5", "TRAV13-2", "TRAV14/DV4", "TRAV9-2", "TRAV15", "TRAV12-3", "TRAV8-6",
  "TRAV16", "TRAV17", "TRAV18", "TRAV19", "TRAVC", "TRAV20", "TRAV21", "TRAV8-6-1",
  "TRAV22", "TRAV23/DV6", "TRAV24", "TRAV25", "TRAV26-1", "TRAV8-7", "TRAV27",
  "TRAV28", "TRAV29/DV5", "TRAV30", "TRAV31", "TRAV32", "TRAV33", "TRAV26-2",
  "TRAV34", "TRAV35", "TRAV36/DV7", "TRAV37", "TRAV38-1", "TRAV38-2/DV8", "TRAV39",
  "TRAV40", "TRAV41", "TRAV46")
traj_order <- c("TRAJ61", "TRAJ60", "TRAJ59", "TRAJ58", "TRAJ57", "TRAJ56", "TRAJ55",
  "TRAJ54", "TRAJ53", "TRAJ52", "TRAJ51", "TRAJ50", "TRAJ49", "TRAJ48", "TRAJ47",
  "TRAJ46", "TRAJ45", "TRAJ44", "TRAJ43", "TRAJ42", "TRAJ41", "TRAJ40", "TRAJ39",
  "TRAJ38", "TRAJ37", "TRAJ36", "TRAJ35", "TRAJ34", "TRAJ33", "TRAJ32", "TRAJ31",
  "TRAJ30", "TRAJ29", "TRAJ28", "TRAJ27", "TRAJ26", "TRAJ25", "TRAJ24", "TRAJ23",
  "TRAJ22", "TRAJ21", "TRAJ20", "TRAJ19", "TRAJ18", "TRAJ17", "TRAJ16", "TRAJ15",
  "TRAJ14", "TRAJ13", "TRAJ12", "TRAJ11", "TRAJ10", "TRAJ9", "TRAJ8", "TRAJ7",
  "TRAJ6", "TRAJ5", "TRAJ4", "TRAJ3", "TRAJ2", "TRAJ1")

# conga constants
.fg_trim <- 4L         # FG loop = cdr3[fg_trim : -fg_trim]
.center_len <- 5L      # center window length
.cdr3_score_modes <- c("fg", "cen")
.default_score_mode <- "fg"

# ---------------------------------------------------------------------------
# Small shared helpers
# ---------------------------------------------------------------------------

# Strip an IMGT allele suffix: "TRAV1-2*01" -> "TRAV1-2".
.strip_allele <- function(g) sub("\\*.*$", "", g)

# FG-loop substring cdr3[4:-4] (empty string if length <= 8).
.fg_loop <- function(cdr3) {
  n <- nchar(cdr3)
  ifelse(n > 2L * .fg_trim, substr(cdr3, .fg_trim + 1L, n - .fg_trim), "")
}

# Center window: drop the leading C, then the central .center_len residues.
# Returns "" when the (post-C) sequence is shorter than the window.
